C 1.0 0.0 0.0
N 0.0  0.0  1.0
V -1.0  -1.0   1.0 
V  1.0  -1.0   1.0 
V  1.0   1.0   1.0 
V -1.0   1.0   1.0 
C 0.0 1.0 0.0
N 0.0  0.0 -1.0 
V -1.0  -1.0  -1.0 
V -1.0   1.0  -1.0 
V  1.0   1.0  -1.0 
V  1.0  -1.0  -1.0 
C 0.0 0.0 1.0
N 0.0  1.0  0.0 
V -1.0   1.0  -1.0 
V -1.0   1.0   1.0 
V  1.0   1.0   1.0 
V  1.0   1.0  -1.0 
C 1.0 0.0 0.0
N 0.0  -1.0  0.0 
V -1.0  -1.0  -1.0
V  1.0  -1.0  -1.0
V  1.0  -1.0   1.0
V -1.0  -1.0   1.0
C 0.0 1.0 0.0
N 1.0  0.0  0.0 
V  1.0  -1.0  -1.0 
V  1.0   1.0  -1.0 
V  1.0   1.0   1.0 
V  1.0  -1.0   1.0 
C 0.0 0.0 1.0
N -1.0  0.0  0.0 
V -1.0  -1.0  -1.0 
V -1.0  -1.0   1.0 
V -1.0   1.0   1.0 
V -1.0   1.0  -1.0 